Sentiments Summary
New:
Positive: 40234
Negative: 22519
Neutral: 46424
Total: 109177
Net: 17715
Average: 0.16225945025051064

Original:
Positive: 47408
Negative: 23312
Neutral: 38457
Total: 109177
Net: 24096
Average: 0.22070582631873015
