Sentiments Summary
New:
Positive: 1991
Negative: 1269
Neutral: 2812
Total: 6072
Net: 722
Average: 0.1189064558629776

Original:
Positive: 2782
Negative: 1307
Neutral: 1983
Total: 6072
Net: 1475
Average: 0.2429183135704875
