Sentiments Summary
New:
Positive: 38273
Negative: 21293
Neutral: 44865
Total: 104431
Net: 16980
Average: 0.16259539791824268

Original:
Positive: 45042
Negative: 21983
Neutral: 37406
Total: 104431
Net: 23059
Average: 0.22080608248508585
