became usual give napoleon credit every successful achievement every stroke good fortune george orwell animal farm,1,1
really relate issue man way indian politician indian general talk stuff like full indigenous look roulette,1,1
reign regionę prodėtumėt kažkur vilniaus apskrityje tai pastūlyčiau būtina aplankyti anyščuse santį lajų taką park nor tiki rekomenduoju ten apsilankyti reign bus įdome galėsiu sezionių gidą railėsti,0,0
namo wave ker wave win partner congress,1,1
team per julius thomas green bay jesse james washington charles clay baltimore waiver wire thanks,0,1
defence ministry official believe pakistan air intrusion attack military installation believe indian air force pilot ill treated pakistan army violation geneva convention defence ministry official believe pakistan army actively supporting faith mohammed harbouring leader including maroon altar facility well shit,-1,-1
ama spent year ahmedabad gujarat several place saurashtra spent year pune currently mumbai least biased answer edit guru offence,-1,0
sat capability defence secret foolish govt disclose chidambaram capability shoot satellite existed many year wise government keep capability secret read,1,0
bang harbor,0,0
good comedian mean good content bringing unique perspective thing everyone experienced creating funny anecdote ska ba uber driver mumbai income mein show large aaa cha tha yet see anything else good since long,1,1
congress supporting foe like earlier day india,1,1
congress sleeping always,1,0
deliberately highlighting r nothing related tude tude gang urban naval stone peter abuse hurled medium anything fair,1,-1
god medium electoral promise daydreaming unrealistic fund come note vote,-1,1
good article author really need make distinction liberal leftist especially talking global scenario surprised expect bengali understand difference liberal india leftist sympathizer case everywhere,1,1
irony get universal income,1,0
like old time want tax revenue human resource million muslim mil tennis bad indian army strong indian muslim refuse radicalized easily special status india,1,1
lok sabha election live update tmc release manifesto promise probe demonetisation review gst,1,0
make sure refresh script browser case glitch,1,0
newly join congress person tat doesnt speak illegal must pakistan follower speaking like congress given full fuck,-1,1
past jet baltimore cincinnati,0,0
pick team per league andre hopkins carlos hyde,0,0
run principle doesnt belong leader like say,0,0
talk like blonde congress leader slammed sexist comment congo top bottom abusive disrespectful blonde abusive intention abuse look like devil,1,-1
called argumentative indian become screaming indian negative defeating passion engulfed country even educated elite called liberal inflicted new hypernationalism virus,-1,-1
election decided take election commission questioning neutrality transfer intelligence chief complaint turned huge row detail story,1,1
bail contesting conway silent,-1,0
well number reason really good advertisement team high anti incubcy upa dynastic politics also numerous big scale scam left real dent image rag rich life perceived improved image india around globe demo among general public accepted positively,1,1
cry shit isnt supposed hold together world stage fuck like bad reality show played expense,-1,-1
year destroyed future india educated youthyears yes waiting rahul,0,0
get comment annoys hater neither objective search google read article compare indicator development state get full picture,1,-1
